9510574886
7131080440
2765292547
1794993802
1810001911
6551186280
4137939941
7579943368
8748276947
5065606058
8987893019
8843123726
9542902832
6601810288
4934052805
10118483
9347431605
9393480639
5925583126
3730127434
9948079848
2805978625
4991822260
3221930634
2437789702
9681186883
3146522636
8704488789
7665548784
6772189504
6349612806
5481771182
8196440753
6758291182
5704776339
3172860489
5591805692
9113666818
4609563011
1159773841
7974378701
6360242394
2933040279
259053248
3687422706
6078407446
9958788648
2920602720
8770048854
1700769135
5905075417
4090916058
2473560479
4011719786
9155313443
9804624201
7689255900
2031428963
317062289
8499482856
6530632050
3537464002
9540655440
1196227896
2213452368
6626998251
4077165250
4365214205
8930860871
1419140952
9610951310
8961515484
4603740744
8227186418
8438192668
9777256251
5012879373
1138155695
3380718254
821350360
5456985856
6951537317
6021313150
154425860
5203065783
681131462
8891679139
5491863461
1269910029
175554428
7749863165
8266029069
5848217498
3189624822
5665905145
4587773791
3760501694
1611815284
7174743640
5769130146
329624437
893200563
9984739495
2771423028
9042354491
5341103852
4864710923
1045915171
8241611123
9830857321
2884998646
5938975057
7663579362
2630876
9806425994
6649647353
6938739091
3549727187
1145120647
3583938041
5912418299
5262796364
238720602
8342937827
3671798425
6175063714
9762391802
8117982156
2155837508
9376928837
9247918342
8091708282
5956106834
9014718984
9569549418
732113834
8882133158
4711875267
1257899871
3307073165
1566337135
2495728708
4842226490
2253342344
7698183890
2283773258
7616517879
4143991470
15868430
859739359
2559769643
1951098974
6780302726
7799149578
5656472536
9895716923
3617270459
5910003431
7971210102
2810700881
9865331463
2274084350
4466036050
7929476438
5723616271
632007523
9256729598
3873659401
6961300083
9293274996
9311010857
272373206
897932047
3152594681
9639946022
5949793758
2157672311
801179198
1619403533
3704643886
1462581608
1614102633
3865911137
8942757310
3236580913
8715205589
2320388160
114769790
632213562
3924875434
5862118124
267948715
9676453129
3113693547
9503649793
7372644075
5053612795
8112135668
5134725134
5626397141
557580863
2821912133
6766109589
4228153838
6702769873
2239335292
9017129464
776632363
1821928611
9834461562
3175335833
2040586817
359112767
2023949267
6308044214
2518152829
1136546000
6371283621
8823086254
5520344307
9397687001
7642328268
4953409387
6047908453
7046113652
3122863417
5964089184
1126297787
4920320298
8194799234
8972848681
542838046
578285123
6116717990
3585358448
892559252
2501630937
9449683378
6374108697
60386678
8449875913
1326137225
5780050598
1965916689
2791855720
5689718989
6077615609
6305113555
5749553686
7790545433
4945423666
13042285
4698320620
591587723
634007775
221745737
3335856947
6927451247
4379574515
1381292376
4034696704
7703905850
437255168
860455378
3383771665
9036222197
7244025944
499726550
1703782758
8588077467
1655737564
5125362692
6421024120
2112056851
8748485352
7518535284
8967183527
7387436128
7182948398
8004618036
7100421209
6750599465
7026539026
4014949214
58686846
1494715813
2152171987
5974422392
1013053533
6917252779
2240879194
930089946
9551103312
5859059122
9080172837
3815622153
240055573
6655732868
7489564015
3275559064
7882682258
4968615511
4426145203
3269303497
2301424730
6000268823
3288294619
660490231
3129437309
6819052654
5017770435
2925069469
5297770449
5359689934
4657930181
664844904
6523112324
9047290479
217788461
7553667491
4140014317
8790210266
442593876
4196156729
2859424191
4519207267
4261319537
5609156212
7541606724
1382497320
746524188
1981230094
4302797756
9187565627
5477991057
5181008639
6128456635
3852259439
8198968515
6181398298
6216720378
9126129575
4012310526
2025878376
6343964321
3340472998
6249730141
5644825461
4644461728
3949467312
9393632790
7186672432
316704321
1157475102
4897539372
1217144982
2362504154
9572709301
4674225962
8382612315
5299673869
3493328525
439237893
8867264253
1270833080
718673720
690571905
8857627117
148270453
3607609517
3845558469
590095240
1769950346
1132885084
6048306325
7818868646
2063717964
3600870240
2518322541
7167252360
3848717886
4372901680
9469314399
8611330768
5161298445
3804783
5934211113
2060066921
7091917072
4520814855
5247745714
6817023160
8303154324
9969709217
9750758950
5736393707
6744420554
2783298590
8593468163
466759691
2160596333
2649640675
9188819997
4115842254
3073442891
5559637395
3312958030
4841383411
7504662890
265063804
464068177
3850823100
6929845127
6313440560
7989740590
9437368665
8018524571
7785478645
5567081613
8335929710
5113153872
8431069622
2741880595
7330033745
7543492580
424624431
2429244423
4155032242
3143093659
7728976468
4991176859
1705585753
3870946319
5719240654
7448341167
5722575896
4665682747
8733632958
2596103111
6634189068
279162385
6355248059
9364403025
6772303430
2345449801
516270100
6132116918
7705788794
7448853355
353345257
5704438038
5698752593
9742248798
5741707080
6088025060
2492712213
6514152362
2323637954
9131968068
225989247
9261350620
9117875541
8018709592
7111858874
9302329168
5842320536
5962558494
3237455544
5188699276
3751792905
693820088
1040174106
4771238769
5098012089
8257743819
1896998390
4147826170
1502006786
5758670831
8666033064
6925530478
3909935097
3171569555
9866787482
5200140232
8647051099
2087530557
9406475303
7729239327
8432727990
9397972246
2841279058
9272741351
8530737107
2305096629
8476586358
1769640697
8437467936
6579154822
792182986
245742060
9398184151
4195734656
4185799311
6213371157
326849901
7456892196
6500764238
896984564
789954735
3130046533
7125203527
8104765299
9324899901
118174760
5048316907
1981855741
7917959090
7585344978
7081718834
9811059132
8020680134
2063946751
6958426189
1470066027
8104270697
1086653391
4933682723
7745960811
2929929689
9711295215
4413507776
4224927196
8081341953
7685424700
5749494705
1867531078
9222711381
7905623516
2888599805
3500745713
2032266406
4659751335
6853454187
9818529170
2500965665
7575417030
6275188716
9334103669
5142127339
1930534451
8461927558
5959701108
4161836648
7187006864
1475654027
4358965556
6156438089
6618877693
4253461857
2059001627
5087122226
7686244013
9096639152
8196362598
4385923262
5296765783
1541587068
207572493
2089356759
9589150093
7576512292
472939655
7793430955
536275280
722743461
9158758613
4115467391
4096120125
9863182667
1140663512
3599260357
3986545533
7139845120
2666603290
2432321074
1764931486
2916189864
6690604750
9407725516
708695158
2334999637
2688646075
9672086113
2758315379
5329414257
5556981670
1002361262
7407923518
1441844482
7948571825
7938425046
714121717
3213040712
8814019225
6311156033
7324375006
9067830410
6180181717
1639924071
7075798222
8220561813
143240036
2557261589
5936977920
3599023265
6118168424
890924196
9246439739
1841927819
3231995988
5952960524
4969278730
4179337834
4909839340
302188781
7212293636
3884563680
3065730316
4218897122
4330468915
1491628262
4730259415
1020113314
1164911700
5223896466
1301685518
8574037087
7634582065
5636811854
5200087757
252746027
7035029440
3495858372
1017269075
2696231114
3560520151
5887959999
2741523727
5904446292
4561442699
7520937596
4863583548
3623312824
3247878567
9372275827
7304430809
2017478616
4865286582
7768251376
3210917689
6524255975
1591105614
3443381582
7648538935
5246339001
8641366196
9762968103
7058533136
673744897
7319719979
2171807142
1334114741
3428623513
3257665890
1687096542
7742144187
235756346
7305748931
4401729506
7555391642
5575045675
3562067309
6952940329
4538025130
9583680808
3986474830
2802878452
8686923272
8782060379
3713974234
4059133165
2358048490
3418274606
5990434279
1979585273
2918747758
1480818040
735124974
8854642992
4069765417
9010823365
2708133745
5300087461
8171796554
8047258598
1553507576
999590147
1506019693
3911187284
1920089269
8908356971
957313853
7762237396
7124386872
2381269397
6789124000
7708519038
144942960
7553466753
9738880331
2085176865
2355687818
350142486
4119504250
4808879851
7863015867
9653831122
5543039008
7408353074
7957035387
7042021501
137734190
9433236517
9732214488
3457958529
9815589263
267601510
9029319710
1819381550
4514418572
9885711405
4282537195
474107650
5331445071
7992078931
4760465135
7903877382
3178934521
5295391180
3300167812
1363376003
5324870504
3573554259
5536285985
9769900669
8797239967
3917002262
4419270316
3597547195
8979408153
7662495059
6848039540
3599136136
7342546267
7572970736
3804082791
1160310744
9155673622
1991674439
1250926688
993026018
908855719
8507613756
3364574641
5457202859
3574765443
5398021969
7734862948
3284744140
140950997
4010138928
2422818407
1272681759
924989053
703514561
5154765020
7333623224
1931013010
9250123519
8523040318
4380035025
9521474763
2320020895
4513095446
5359762266
8984733756
3443858606
2612669935
5201653760
4567403220
2364524611
2188325686
804338459
3178349117
1876945276
9361738327
992907296
9545328334
4029089021
3720873227
7275814423
3967126245
3780132814
6102794009
5550132085
8337828299
3372968136
1083286533
9973968093
4985189039
2662679862
7738672454
7349635231
1918553958
8102734613
9499285339
4710169159
9083750769
6347285743
9928083389
4300631832
5390052260
7207615946
6718098466
8091530080
1415520225
8957827697
9251648803
7477630776
1875311732
3751610031
6644152037
2878680409
6298083177
3866943962
9888275305
8478297449
7600599352
7585539178
217633638
5906543504
1770633180
4531916754
8000282111
364373088
6985153237
7344583317
8364839735
796869233
3935190301
4934267795
751596016
1271140758
3645037113
3004071124
4813333137
2788871485
8335789678
8203231955
1599408253
4449266594
4365400961
112044927
1991313051
3809943205
1405454236
8416903152
294604757
9960024659
3895764738
3562091511
9125160776
5398720977
2888381126
371750576
7553519848
9974639400
9821656770
855790342
3913317745
5619243406
4869424165
6448751092
9225549582
2440513821
7015495847
7519283060
6424119502
5999422479
5418448676
5926726847
5694235694
7505137335
7068685728
3165376940
5443212123
6562102099
375887754
7438400089
6807008006
8228726681
714419992
9593534873
1283462244
7421645975
6145159790
5525321504
1003370269
4168733989
7493792484
1413691563
1793802840
2585002263
8228463089
3675711003
2882683276
2160115879
4574809746
8036441236
8575103114
1458153313
3169509029
3302783956
7823708518
8121560044
4282505035
9541825839
6352987743
9357858248
8987923034
5730009024
3492561424
327187185
7329253000
4094441870
8087292769
6304560167
121390932
2516130043
4490864917
8897665886
3394909879
5069643248
6802998339
8875187724
4279359582
9516027085
627759134
6796659055
1123283312
2415351966
5396399909
3983291421
1298727167
8083298153
9480745268
427155070
1919028869
1493053330
5721763687
8695520331
6481791740
4694690334
4897483742
4571181835
3050200299
5928143526
1452717082
7209050163
8876746156
9868244828
6076849344
6310435099
6789060077
2441565357
5932799075
5387523094
218496903
2011961018
1684918091
6183344884
1778220459
4958564493
1529176032
2364561221
1280196568
9131458378
1061424949
8858660568
