7823505
5459608
2726329
5665742
2562829
5533149
2061269
1819838
8328073
2585276
5720020
3733499
5379644
7530524
6470279
6554347
1059347
9903749
7419500
6340082
6937328
2006491
441548
6505928
1997841
2924514
4967525
9774257
3558605
4143539
5211279
2112823
4658581
49739
7077802
9639435
720854
9922471
4317112
1818705
1746046
319714
3927837
5135829
1465529
8734305
1061872
9832991
4232609
3938728
1888462
9200535
4817482
3987245
8736184
1197969
9683926
9703249
2420114
8428646
9683546
631286
3217866
602154
5658357
5022672
1292303
9999907
4655218
8716412
3875857
8210534
3453416
1011220
3208284
4824339
3417011
646066
4718210
6840934
4562605
6274643
5237514
6563385
7810930
4290276
8509065
5458072
5450935
6322943
9719711
2889015
5418329
4358708
9761406
7017360
1170454
6744030
6188027
834752
5500465
5417687
4402310
1884174
9639621
6872901
6576977
7392566
1780157
3395986
643131
7883006
7199276
2733642
8672039
9889277
5757723
7888101
1192405
2695129
5231303
9205177
2598106
3693754
5150098
8723347
826006
7284477
1977968
8661046
7739496
4781477
5867001
8173860
9970243
4950314
4412527
3929818
415110
2787912
2565949
4043067
1723545
8565577
1593521
5452170
3482703
2881190
4754669
2817751
8376077
7246183
7732164
570045
3351310
2871210
7002034
9440645
2697007
6076298
8537895
4141414
4275019
3081406
4589044
2929068
4518670
8148996
227784
8078397
7490451
6347525
7330464
3926832
3118255
8251157
1424772
8672580
5250931
2017947
6169951
2275906
1523133
5033041
9237037
505551
7670472
4415794
5916413
1959628
2042567
4285781
4652047
3700471
9582594
924883
1488237
9306192
1855762
2309625
4517952
7312565
8606106
4058475
5479794
2940085
7555589
9436573
314392
229711
5496250
9510911
7608290
3991289
1110113
8848682
4964068
6694875
4622128
1760879
3957905
2032985
9295306
5019628
9570183
9168857
389426
5140005
3060316
2271707
6194199
5236890
6560326
9528954
2280981
6092434
3632751
7300306
8326134
9506241
4890010
7098786
738222
2136654
2778030
5649985
4279224
3027639
2039530
5407659
7631303
2776012
2150440
7207577
7016956
2141156
6141329
7877470
5167584
8292934
9309866
2482696
4941987
8663842
2097634
3354090
3280970
9075023
967918
795485
8187228
5204588
5949464
3041667
3367515
3946534
9297502
8659574
4753036
6683907
2521556
1795454
8017471
2286334
1283594
4137346
6552997
8756464
6927832
2533404
4026015
298362
7535151
4310772
6795873
5712832
465678
4514940
8858870
7016742
9762791
6410394
4918294
949832
6308941
7461492
4212973
5493676
7146370
45141
2078215
7452006
6067746
2034554
2187386
5084063
8316962
384164
8585544
873535
1581890
6977167
3039088
9588100
3656888
7344905
9644812
6347940
6237433
5993425
842819
7814869
8508682
6697960
3966197
8975083
227227
7913423
2294472
1092178
8302874
3526067
8425067
442617
6757805
8069263
7398715
2264431
4952217
9501448
7261953
3970602
5565247
6996548
9054473
9696860
6933125
7866884
8377976
1888183
4228189
7037274
509335
1783503
5083639
9801681
5706689
8922380
517664
5310972
7430092
5398046
702888
1060943
660295
226660
3506430
4455648
9985975
3054094
4613660
4344012
7741529
8896466
9424798
2728980
225319
4704227
8276096
3336152
9244323
2049917
150817
6748944
7975208
3279175
5282912
8324155
2032917
9126912
6645676
2740112
4734984
4649076
4356230
297833
8624378
9744509
3747773
8915062
5684408
5428615
5881041
7718162
2951371
6105681
2417302
1790810
8891820
4730556
4225218
7663424
8788568
4807883
8077596
1356662
2789863
6397423
8014382
1468334
3353208
1933831
5995828
3730176
6706512
1391991
6798659
6773669
4557112
3888482
3095559
2736200
4751239
8156755
1433468
4095176
2933991
4499998
8708831
4021976
1246825
443988
7201494
6611407
880970
3108962
941751
9006912
9173557
4692299
5156616
2102393
3521460
2726986
7548599
1086841
9405223
3995562
3611626
1191426
4746302
3103562
8236787
6893304
9985084
2075302
8762610
4917730
1654603
9410811
5867441
3758854
1226854
9354926
383659
2468379
2189408
7697735
5075115
2981291
2735423
9191779
1435024
4403874
7654773
8003049
2641940
5151207
8078916
4874224
2636485
8680343
3416461
399307
1064842
4994200
7360236
8906925
6945822
4957648
3127823
7909326
4795397
2251555
1619549
4190693
4253463
2440047
2457656
3333438
1923046
6671558
7702606
2939867
6087086
7055114
3103063
2730675
674813
3758221
9853111
7115052
9509688
6034934
2657254
3127861
464705
353195
9739918
2967737
9790464
2998209
6714337
802327
1474379
8540862
5534611
5244091
6667885
3284635
441422
8037344
145525
253689
7612851
4392911
4987662
1658491
3216844
9454656
6579008
3400230
1714904
7070011
1931311
7953568
5991634
8661409
2490913
871453
3971720
6075412
6371870
167654
7973117
61417
8534606
3548498
8509507
1180156
713122
9460301
537005
1891408
905655
6615247
3201022
9795095
3899441
6657219
8685790
6123785
2618116
4311141
7667740
9875706
2889061
7176139
6833906
2143668
6638128
7993346
9990828
4083512
6980795
3215000
5665998
9065916
1922613
7663948
317253
7953287
6501945
7707353
6385849
2555685
5761422
8730319
970285
6208921
701419
9407983
33748
5724915
7945155
5691803
4660419
7330050
6599409
3012016
7936181
3194715
392701
5611137
1264573
1227270
6645233
1097073
9046494
9967707
4824710
8542548
913608
6340434
2458776
5418396
8267519
6726211
9103489
3061452
2241121
869743
5202610
9741532
4975945
7138280
4489217
6964928
7934128
494346
7891303
8071976
1329355
4125564
3965267
1106904
8083822
4864236
1909938
3200625
6733203
393339
2625347
4188383
5534986
1531101
3449423
8791697
1033970
4097918
5617434
7356148
8301429
9309007
4957571
2567845
8908310
3948244
1543362
6821967
5437338
5655590
6988181
2216622
1371374
9518562
2552041
3589060
3327220
4928339
1728529
8013930
7369033
4344365
4979119
9708578
3830118
4534765
7987242
9085892
8626559
6531674
7461149
1685016
8296263
9430066
3660791
5176698
6449398
6231202
444329
8353396
2479497
9514558
518511
2749496
2175248
4035958
1718952
3706016
5505342
5707954
7904269
313036
9058020
2089993
7141557
719995
3026967
5493594
6497195
2124951
2554319
8829977
7188343
3622136
2304020
3335076
9542899
6364892
2064867
5621351
5351690
6316794
4022635
1713683
8124386
1859115
4598709
1739806
3156043
6507434
5064418
1094894
5297918
3533731
1475058
1688460
9028887
9710902
9672629
8697759
40960
7843555
1122345
7713309
840920
7349468
8074262
7959519
9120233
4443003
9867146
2739703
7570534
6684815
6594211
6014714
6971557
4593226
6126050
7592314
315025
1513538
4618366
4183999
3406187
5588549
9890077
8548467
245473
5442186
9042946
3634877
9393301
6042309
2717094
6320790
6597091
4570786
9150043
7142934
8516314
8011380
7906709
4899957
8530678
5821653
4644621
1538009
7306816
7900165
8942524
9539589
6373734
7261545
5360729
3148496
3352678
1495582
4437195
125760
6947035
346962
9041118
2486171
1001595
1097603
5842502
2892879
5923533
1322989
9864589
4593688
5246346
6955020
8806832
92892
6641424
1637491
8640388
8348578
4338823
9742733
7838908
1048090
6487318
6660176
6381757
4947728
7596909
6898197
4117215
6146438
2715490
6291500
3294896
2546907
3523539
3174659
3488105
2307098
224466
553524
7908508
5678092
960680
1988189
9824389
6603125
1061385
2220665
8501727
6212071
7408168
4930847
1300989
5067489
2801344
1655343
2168515
5215549
9443209
3787407
6612548
298644
9074500
1214331
5264355
6363289
4546294
1006083
1995088
3859160
9963172
2973931
6016715
1040301
8199531
5110346
7205599
2760711
3224051
7844606
8876123
8686950
1578794
1698120
7339004
9806143
2127433
6083738
9142849
87134
3493843
2495601
2353338
9229982
3267841
8569933
257438
3298766
3769287
6474601
8020535
5415702
1496667
2304613
1848351
3943807
8143311
3508676
878584
112551
3181146
2492539
5617621
6022520
3250110
7235503
7170079
3866269
9584846
8052522
3203985
4335265
6507217
8245965
8301334
8958334
1266900
882736
8917402
8225337
7149585
2633803
8396653
3928843
4020214
4151010
9201912
6973630
6169046
6776701
191654
9028134
7832654
4406811
6135840
7318760
5841403
21037
9112837
7136375
9891860
7837764
3906534
9917069
9926216
4389415
6891351
3741524
4210763
1902647
7849848
4274547
1548251
3152058
1918
868931
