7112
5047
1638
765
5299
7599
5529
4826
7476
3546
9491
9864
760
4140
3575
3852
9794
50
4217
9095
1394
1180
1411
2500
8971
6202
5631
2655
7145
2650
4148
7730
1434
947
9261
9416
7884
8355
1474
3053
721
8119
4950
1542
4682
8462
2910
788
4427
2227
184
576
1156
9447
5528
490
3068
8565
1110
5868
6430
3180
4048
4011
7712
4034
196
4692
9148
1787
4266
2625
4346
560
5299
1098
2246
7613
5195
9301
6765
4324
8275
7255
7163
597
1443
289
1633
135
275
2315
4435
5101
2684
8807
171
5885
2809
3802
3231
7918
4636
5110
86
6155
7070
3227
5377
2581
2855
725
2165
8159
4104
1200
9709
8815
7782
3940
6755
9810
6853
6679
3119
3550
2154
7131
1819
7837
6865
5334
4670
5015
8868
9876
193
3042
6522
5966
4145
4367
9984
7954
1232
8120
6677
7341
1929
1193
1830
7254
4824
1624
5328
8500
8893
4827
9677
2181
6312
1212
7004
1867
419
433
1977
7122
6511
8336
885
9387
3679
4385
9755
1644
7815
3237
5914
5293
6169
6307
1601
8281
657
5783
266
7482
1592
6153
1138
3150
8306
1859
9358
7274
4169
7146
3485
695
6680
9685
5805
7443
2143
819
2177
6317
2906
4873
5718
1245
2554
6224
8290
6872
7636
3625
7690
7185
9025
779
3535
3349
84
2558
292
2291
5974
3144
3108
3066
1920
3269
7943
6553
8934
1790
727
1062
5808
2048
3606
4
9382
2941
3993
9916
3068
755
6982
4101
1775
5191
3312
8203
3403
4940
4107
5683
8079
2521
559
1880
1613
6997
6853
2752
7043
5900
7552
1402
4368
729
7023
9917
9115
5805
653
1606
5719
1126
2756
9921
541
1239
4716
135
4244
4956
8238
7976
3091
2964
7392
7212
2221
3147
6594
6420
5939
5824
8733
2358
704
3897
5939
9523
296
9904
4874
1261
6226
6381
4461
9343
3251
2577
945
9720
5003
6470
9571
5777
2620
8987
104
1865
3640
9805
7614
3916
3025
3487
3048
6279
5120
3240
3824
8100
6137
6546
8085
6196
3275
4459
3158
6712
9941
1519
8728
650
8236
3503
4480
154
8358
1802
7070
5721
8697
9594
1745
861
878
7234
3271
8191
5306
3682
4060
5490
6240
9187
7441
6187
8720
2892
8705
9587
8717
279
7510
4227
2603
2031
2544
6810
5286
7861
1465
3264
6845
3111
4894
3419
1247
6709
4199
1277
8835
5961
3432
6817
9305
5628
3528
1822
7686
8437
8806
474
5435
2531
2119
2013
2092
6958
4944
3324
3556
6551
6381
7624
7361
8569
5126
6488
7089
3049
9793
7530
4133
640
9006
5592
5318
5238
3212
3760
3252
8278
4818
4374
1918
2502
9287
4307
9333
1773
1554
7760
272
6637
6396
7204
6870
9675
4410
8909
2360
5819
5154
79
6290
1631
9684
5171
4978
4417
361
215
1853
5835
5880
7533
1224
4947
4080
247
4362
1955
7386
9732
2526
4521
290
3019
4916
2235
2261
2208
7657
278
2265
6131
9182
5103
4885
7998
5177
7372
2844
9036
4801
3988
6087
8970
5663
1811
2516
1624
7665
4012
6337
1806
1862
8541
5257
6246
4938
1378
1517
8954
7672
2111
3150
9275
4486
1241
3013
5865
7889
1003
8149
9007
8991
7180
9120
821
5483
9820
2291
885
2482
9082
6877
6457
200
5109
4250
1922
6633
2299
4076
5414
153
2851
5076
441
2910
5154
186
6444
6208
165
1129
2725
5108
4091
5184
1646
1546
351
3075
1764
4130
3040
8674
1387
3867
5394
6384
4371
2160
7376
8976
1571
8782
4713
1739
7717
1115
3528
6441
1545
1902
7337
3989
7083
3783
877
8488
7822
4088
1828
1984
4619
5595
5558
3160
1458
1251
6058
363
9268
4301
2332
6322
1702
2773
2809
513
5523
1534
269
2272
3242
177
1168
4036
2123
4589
6565
8075
2884
4098
9536
2488
4662
3888
4979
5286
1806
3484
3218
689
6213
5599
5852
3944
488
6583
2050
1196
7451
7550
8508
458
1831
8554
9974
8002
215
3780
6875
7640
3232
1840
8674
3527
5899
2885
77
1011
6699
7099
7221
5547
2627
1741
7735
2867
5090
1997
3359
1496
6105
5887
6559
6265
5104
4251
7176
9213
4015
3104
9241
6388
9142
7958
9792
5939
1256
5671
2371
1382
4279
6286
519
3890
2512
6781
1721
1629
7891
9146
8991
3569
6338
9570
8724
1073
3379
9788
1202
724
4390
9811
4485
1677
4612
2380
5181
3665
249
3066
8857
5893
6771
531
5086
8299
5554
516
2427
2286
9205
5669
2684
3148
5996
2862
7595
824
265
3570
9622
8894
2872
6551
6151
1109
9703
8186
7121
7424
925
766
8901
6438
5705
8587
5811
6053
9943
1046
9413
6945
2549
8885
7714
8204
1626
4
4255
3729
2031
602
9085
3679
689
1570
8070
7933
9675
5592
44
8109
3938
3439
4408
2718
5544
8285
9833
29
6773
2627
2770
3564
2395
4611
6855
7421
1942
3738
317
6998
6840
4547
5951
5314
5933
8
9284
6335
2817
6578
9737
9352
5489
2639
884
2260
37
4338
1658
3539
2350
5882
8827
8812
8016
5064
8655
4590
4629
9296
371
7653
645
7233
6476
7072
1846
1549
8455
9155
9232
4462
8274
4676
3146
1458
5417
1180
3420
7324
1420
6332
4217
9714
8211
8183
7724
8833
516
9171
3415
3603
9369
251
7631
1057
6410
732
2630
9209
2362
3173
9896
9816
7067
3438
349
6739
3105
6036
6955
5448
3119
2993
4154
2954
1295
806
5561
8772
4616
327
2077
8059
3216
9578
7974
3680
6279
6367
2615
6598
7165
9546
3730
6556
5544
876
4659
8787
9623
6476
7001
279
1795
1850
6160
2542
1530
5272
6578
167
1671
8550
8467
289
5468
5688
9733
9994
6034
9679
6719
1413
8079
8824
8173
4721
4753
6706
3882
8804
7114
5704
2666
444
1484
4316
6615
1077
7106
1189
511
3378
3578
2695
866
7405
2877
113
4288
4034
9643
5219
5813
2273
484
2201
8261
4994
8437
2232
4275
2069
2809
423
7013
8598
7143
6329
7796
